proj:       99
zone:       0
north:      253720
south:      250020
east:       318710
west:       315010
cols:       370
rows:       370
e-w resol:  10
n-s resol:  10
top:        1.000000000000000
bottom:     0.000000000000000
cols3:      370
rows3:      370
depths:     1
e-w resol3: 10
n-s resol3: 10
t-b resol:  1
