proj:       99
zone:       0
north:      227410
south:      225060
east:       309530
west:       307180
cols:       1175
rows:       1175
e-w resol:  2
n-s resol:  2
top:        1.000000000000000
bottom:     0.000000000000000
cols3:      1175
rows3:      1175
depths:     1
e-w resol3: 2
n-s resol3: 2
t-b resol:  1
