proj:       99
zone:       0
north:      207790
south:      205660
east:       303720
west:       301590
cols:       159
rows:       160
e-w resol:  0.0019992
n-s resol:  0.00199679
format:     -1
compressed: 2
