proj:       99
zone:       0
north:      207790
south:      205660
east:       303720
west:       301590
cols:       171
rows:       170
e-w resol:  0.00200309
n-s resol:  0.0020042
format:     -1
compressed: 2
